 221
 198
 203
 226
63
 222
recv
set_thread_area
96
 214
 214
 134
 113
 172
 113
 113
19
25
25
 135
 134
 214
1024
65
65
62
57
stat64
 160
 160
stat64
stat64
stat64
stat64
stat64
stat64
stat64
stat64
stat64
1024
63
57
1024
65
57
geteuid32
1024
25
25
65
65
65
62
57
 160
1024
25
65
65
57
1024
25
65
57
 160
 198
29
57
1024
65
65
57
 198
29
29
29
29
29
29
57
1024
65
65
57
 198
29
29
29
29
29
29
29
29
29
57
1024
65
62
57
 160
stat64
stat64
stat64
stat64
stat64
stat64
stat64
stat64
stat64
1024
63
57
1024
65
57
 205
25
25
 134
 134
 214
 214
 172
 113
_newselect
 113
 172
 113
_newselect
 113
 172
 113
_newselect
 113
63
63
1024
65
62
57
1024
65
62
57
1024
65
62
57
1024
65
62
57
 214
 113
 206
 206
 172
 113
_newselect
 113
63
63
 206
 206
 172
 113
_newselect
 113
63
63
 206
 206
 172
 113
_newselect
 113
63
63
17
 206
 206
 172
 113
_newselect
 113
63
63
geteuid32
1024
25
25
65
65
65
62
57
 206
 206
 172
 113
_newselect
 113
63
63
 160
stat64
stat64
stat64
stat64
stat64
stat64
stat64
stat64
stat64
1024
63
57
1024
65
57
 206
 206
 172
 113
_newselect
 113
63
63
 214
 198
 208
1024
29
65
29
 198
29
57
29
29
29
29
1024
65
65
57
29
 198
29
57
29
29
29
29
29
1024
65
65
57
65
57
57
 206
 206
 172
 113
_newselect
 113
63
63
 198
 198
 200
1024
65
65
57
1024
65
65
65
57
57
57
 206
 206
 172
 113
_newselect
 113
 113
 172
 113
_newselect
 113
 172
 113
_newselect
 113
 113
 172
 113
_newselect
 113
 172
 113
_newselect
 113
 113
 172
 113
_newselect
 113
 172
 113
_newselect
 113
 113
 172
 113
_newselect
 113
 172
 113
_newselect
 113
 113
 172
 113
_newselect
 113
 172
 113
_newselect
 113
 113
 172
 113
_newselect
 113
 113
 172
 113
_newselect
 113
 172
 113
_newselect
 113
 113
 172
 113
_newselect
 113
 172
 113
_newselect
 113
 113
 172
 113
_newselect
 113
 172
 113
_newselect
 113
 113
 172
 113
_newselect
 113
 172
 113
_newselect
 113
 113
 172
 113
_newselect
 113
 113
 172
 113
_newselect
 113
 172
 113
_newselect
 113
 113
 172
 113
_newselect
 113
 172
 113
_newselect
 113
 113
 172
 113
_newselect
 113
 172
 113
_newselect
---
64
sigreturn
 113
 113
 172
 113
_newselect
 113
63
57
94
+++
